$ANSIBLE_VAULT;1.1;AES256
66333763623739326230313434346330643161353739666135666333643835633233333266363562
6635323330373635333265323364363939363032343162620a373164643565316333643732303437
61663862363465366666333463363961323437343964663564656261393661656136626630323837
3366356630396238650a336130316436323532656531333534663962633336333663343866303631
63393135373335656665636434336538313638326363333936323561303066313330336636656337
35613934336466323432306437613862666562363463656663663538316464666461636166616566
64333133303965363730653162613163373366366364326431616362363836313838343765653435
31353739656636613431663036363965383630383530613131633633363438663466633631396233
30343739303738343135353665656237646266366636306137373639343730323666373932653135
30666432343634646331346163653038646439393534613536636165386364386563326439373964
36666236376563366438356164333363646462653831363161303633383430346235363365653236
39333362653565613063316336376339393235666635393462303732343238346261316334336536
39353737346330326133323661336535613330313765636430393264666563613735626238393536
64343835373131373934373935626662306238313434303833306361663162616163323538306262
32373762373764653536633962383836376264663462306465363130636636613238316664623262
65663334363761303835633266393437636232623330353265396530663234666630313366336635
65323461613262396131663439353036306537363630646236346638343236326139393632663039
61646135376436323133346361396232653337333231616530303731333266616137626261396132
38373361303439356466333630643337336461663766323632353031303063363137353331383736
65366436303461666638303937353665646463336331303436393536323761346439653562623262
64353337333063333533613366326366383466643336633965353937663062343233616562666363
62336365323665656666633864333638316461326266306561386431623239386563643539343734
66343238386430303335316661323566363763386236613539346634643463363838646530353535
32616639353930396333313232316234343036633230336635616631646231626237373731316663
66656366303936326433366364323936666266373737336562646136656163333330626433353534
34373439626233353865366435663938656536383463373431306435643032623565363036333236
32383830643865303933373363396430396639616232366336316562363932323430343735633230
65353435656139636435373438303961623534323033656639643134326639313132343363326136
65343739383965613339353534643463613630363339313738613231323731633031626361616137
35626163376132393436643933303031363162333662646662613331353363346231653839653666
62356431376531393161373233386161383937323663616133306232346162323635386135376630
61373762303030393632386233356137653431373834303532326364623639396466386362333437
35303265653834323633336238626564643633353038336638363362323365616430343638306339
61643437663366326431633763633761626361313132666466656332396130306663386465613666
66373335313363613335353462386538356639323865316136343532313162383736633037656435
39326364396164396636396434366639643138323366646439353538373836386136383237666435
65306465313439343037303232326562636631353038336230663462613563373334353464383263
35346533373366373362396239383262333633396330643562643035653036333062633133363036
63666331656561346364393465383930646665393730613035383038623466663331363131363361
64373266383438636636343934373238356634313961326231343038323635666530376139346466
36643336336131303431363030666561643635323962633661326264663835343662323764656536
32633130383138376636353331346536353966306437646639376664656534356637623835303734
30623837383136666239396137346363363865353162336634353331343863303430323736616333
39356338316337626564613936656338303563383266396136336565613166333131353538383534
37353332656536653236313333643866303361306633663263313461373862313937
